double_max = 1.79769e+308
double_min = 2.22507e-308
float_max = 3.40282e+38
float_min = 1.17549e-38
