Modulo: 0.799342 seconds
String: 0.576956 seconds
