array: 130 msecs.
vector: 100 msecs.
valarray: 130 msecs.
1.26754e+08
---------
array: 140 msecs.
vector: 90 msecs.
valarray: 100 msecs.
4.85773e+07
