INPUT SEQUENCE (ZERO-PADDED) 
x[0]=3.000000 
x[1]=4.000000 
x[2]=0.000000 
