A : (-0.537053, 1.07411)
B : (-0.537058, 1.07412)
C : (0, 0)
