Test= 6.000000 0.750000 3
f1= 6.000000
