St6vectorIiSaIiEE:  0.004419s wall, 0.010000s user + 0.000000s system = 0.010000s CPU (226.3%)
St4listIiSaIiEE:  0.559317s wall, 0.550000s user + 0.000000s system = 0.550000s CPU (98.3%)
St6vectorIiSaIiEE:  0.005520s wall, 0.010000s user + 0.000000s system = 0.010000s CPU (181.2%)
St4listIiSaIiEE:  0.646460s wall, 0.650000s user + 0.000000s system = 0.650000s CPU (100.5%)
