Trapeze_method: 9.0000045000
Rectangle_method: 8.9999977500
Simpson_method: 9.0000000000
Answer: 9.0000000000
