 x = 1, y = 2, z = 3 
 x = 10, y = 20.000000, z = 3 
 x = 10, y = 20.000000, z = 100 
