HF(0)=	3
HF(1)=	5.5
HF(2)=	7.25
HF(3)=	8.375
HF(4)=	9.0625
HF(5)=	9.46875
HF(6)=	9.703125
HF(7)=	9.8359375
HF(8)=	9.91015625
HF(9)=	9.951171875
HF(10)=	9.9736328125
HF(11)=	9.98583984375
HF(12)=	9.992431640625
HF(13)=	9.9959716796875
HF(14)=	9.99786376953125
HF(15)=	9.998870849609375
HF(16)=	9.9994049072265625
HF(17)=	9.99968719482421875
HF(18)=	9.999835968017578125
HF(19)=	9.9999141693115234375
HF(20)=	9.99995517730712890625
HF(21)=	9.999976634979248046875
HF(22)=	9.9999878406524658203125
HF(23)=	9.99999368190765380859375
HF(24)=	9.999996721744537353515625
HF(25)=	9.9999983012676239013671875
HF(26)=	9.99999912083148956298828125
HF(27)=	9.999999545514583587646484375
HF(28)=	9.9999997653067111968994140625
HF(29)=	9.99999987892806529998779296875
HF(30)=	9.99999993760138750076293945312
HF(31)=	9.99999996786937117576599121094
HF(32)=	9.99999998346902430057525634766
HF(33)=	9.99999999150168150663375854492
HF(34)=	9.99999999563442543148994445801
HF(35)=	9.99999999775900505483150482178
HF(36)=	9.99999999885039869695901870728
HF(37)=	9.99999999941064743325114250183
HF(38)=	9.99999999969804775901138782501
HF(39)=	9.99999999984538590069860219955
HF(40)=	9.9999999999208739609457552433
HF(41)=	9.99999999995952748577110469341
HF(42)=	9.99999999997930899553466588259
HF(43)=	9.99999999998942712409188970923
HF(44)=	9.99999999999459987520822323859
HF(45)=	9.99999999999724309418525081128
HF(46)=	9.99999999999859312538319500163
HF(47)=	9.99999999999928235183688229881
HF(48)=	9.9999999999996340704910835484
HF(49)=	9.9999999999998134825318629737
HF(50)=	9.99999999999990407673067238647
HF(51)=	9.99999999999995026200849679299
HF(52)=	9.99999999999997335464740899624
HF(53)=	9.999999999999985789145284798
HF(54)=	9.99999999999999111821580299875
HF(55)=	9.99999999999999467092948179925
HF(56)=	9.9999999999999964472863211995
HF(57)=	9.9999999999999964472863211995
HF(58)=	9.9999999999999964472863211995
HF(59)=	9.9999999999999964472863211995
HF(60)=	9.9999999999999964472863211995
