factorial(1) = 1
factorial(2) = 2
factorial(3) = 6
factorial(4) = 24
factorial(5) = 120
factorial(6) = 720
factorial(7) = 5040
factorial(8) = 40320
factorial(9) = 362880
factorial(10) = 3628800
Converted 0 fields:
i = 0
x = 0.000000
str1 = @~È¼
j = 0
y = 0.000000
str2 = uªÜ
warr[0] = U+0 warr[1] = U+0
