limit: 1.11022e-16
limit: 1.11022e-16
