Modulo: 0.800394 seconds
String: 0.995525 seconds
