make_shared: 6.33307
new: 6.81157
