+ g++ -std=c++11 -O2 -Wall -pedantic -pthread main.cpp
+ ./a.out
index: 353
v1: 0.184053
v2: 0.183277

index: 558
v1: 0.18286
v2: 0.184488

index: 553
v1: 0.184547
v2: 0.185784

index: 692
v1: 0.183751
v2: 0.184082

