decoded : 0.100789
encoded : 0.0980392,0.698039,0.79649,0.93266
