thread1:21 2014-Mar-26 00:01:40.074269 start
thread2:37 2014-Mar-26 00:01:40.074275 start
thread1:26 2014-Mar-26 00:01:42.074873 signaling cancel
thread2:47 2014-Mar-26 00:01:42.074991 done
thread1:32 2014-Mar-26 00:01:44.075062 done
