Modulo: 1.75258 seconds
String: 0.552142 seconds
