St6vectorIiSaIiEE:  0.010906s wall, 0.000000s user + 0.000000s system = 0.000000s CPU (n/a%)
St4listIiSaIiEE:  1.068673s wall, 1.080000s user + 0.000000s system = 1.080000s CPU (101.1%)
St6vectorIiSaIiEE:  0.008530s wall, 0.000000s user + 0.000000s system = 0.000000s CPU (n/a%)
St4listIiSaIiEE:  1.075271s wall, 1.080000s user + 0.000000s system = 1.080000s CPU (100.4%)
