Modulo: 0.718251 seconds
String: 6.31136 seconds
