exp(1) = 2.718279
log(exp(10)) = 8.936756
sqrt(2) = 1.306675
