Densities std::piecewise_constant_distribution: 0.333333 0.333333 
Normalization: 5
Densities what they should be: 
Probability : 0.200000000000000011102230246252
Probability : 0.400000000000000022204460492503
Densities std::piecewise_constant_distribution: 0.333333 0.333333 
Normalization: 5
Densities what they should be: 
Probability : 0.200000000000000011102230246252
Probability : 0.400000000000000022204460492503
