v1: 0.000912905
v2: 0.000911951
v1: 0.000910044
v2: 0.000940084
(Prevent optimiation: 0)
