Densities std::piecewise_constant_distribution: 1.47059 5.88235 0.490196 0.0980392 
Normalization: 0.720000000000000195399252334028
Densities what they should be: 
Probability : 2.0833333333333325931846502499
Probability : 4.16666666666666518636930049979
Probability : 0.694444444444444308750519212481
Probability : 0.138888888888888867301218965622
