Modulo: 1.95365 seconds
String: 0.791629 seconds
