Modulo: 3.11779 seconds
String: 1.59453 seconds
