elapsed:2.78762e+06 ns
elapsed:2.25434e+06 ns
