limit: 5.96046e-08
limit: 1.11022e-16
