Modulo: 1.27614 seconds
String: 0.539985 seconds
