exp(1) = 2.718281828459045
exp(10) = 22026.465794806717895
log(exp(10)) = 10.000000000000000
sqrt(2) = 1.306852819440055
--
exp(1) = 2.718281828459046
exp(10) = 22026.465794806710619
log(exp(10)) = 10.000000000000002
sqrt(2) = 1.306852819440055
