d = -4.0000000000000000000000000000000000000000000000000000000000000000
d1 = -4.2000000000000001776356839400250464677810668945312500000000000000
d2 = -4.2000000000000001776356839400250464677810668945312500000000000000
