Modulo: 0.00805058 seconds
String: 0.723656 seconds
