a=0.666667
a=0.447427
a=0.302316
