A:
12 -51 4 
6 167 -68 
-4 24 -41 

QR:
1.36277 -21 14 
0.314485 1.41204 70 
-0.209657 0.0784465 -1.41421 

trace(R):
-14 -175 35 
Q:
-0.857143 0.394286 -0.331429 
-0.428571 -0.902857 0.0342857 
0.285714 -0.171429 -0.942857 

R:
-14 -21 14 
0 -175 70 
0 0 35 

Q * R:
12 -51 4 
6 167 -68 
-4 24 -41 

