make_shared: 6.35136s
new: 6.85974s
