A=1.7724538509055160
I=1.7724538509055159
|delta|=0.0000000000000001
