long long - size: 8 bytes    range: -9223372036854775808 to 9223372036854775807

double    - size: 8 bytes    range: 2.22507e-308 to 1.79769e+308

a: 1e+20    a+1: 1e+20    a-1: 1e+20

b: 1e-20    b+1: 1    b-1: -1

a: 1e+20    b: 1e-20    a+b: 1e+20    a-b: 1e+20

a: 1e+20    b: 1e-20    c: -1e+20    a+b+c: 0    a+c+b: 1e-20

