A : (-0.537047, 1.07409)
B : (-0.537047, 1.07409)
C : (0, 0)
