a=123, b=123.400000
a=123, b=123.400000
a=123
a=123
