Modulo: 0.527777 seconds
String: 0.301821 seconds
