distances and parents for '2014-01-01':
distance(0) = 0, parent(0) = 0
distance(1) = 30.564, parent(1) = 0
distance(2) = 55.8298, parent(2) = 1
distance(3) = 13.0394, parent(3) = 0
distance(4) = 69.9381, parent(4) = 1
distance(5) = 86.8716, parent(5) = 2
distance(6) = 64.5318, parent(6) = 1
distance(7) = 1.79769e+308, parent(7) = 7

distances and parents for '2014-02-01':
distance(0) = 0, parent(0) = 0
distance(1) = 39.27, parent(1) = 0
distance(2) = 76.3362, parent(2) = 1
distance(3) = 38.1035, parent(3) = 0
distance(4) = 55.373, parent(4) = 1
distance(5) = 100.542, parent(5) = 6
distance(6) = 75.4933, parent(6) = 1
distance(7) = 1.79769e+308, parent(7) = 7

distances and parents for '2014-03-01':
distance(0) = 0, parent(0) = 0
distance(1) = 21.101, parent(1) = 0
distance(2) = 53.7809, parent(2) = 1
distance(3) = 14.599, parent(3) = 0
distance(4) = 41.8278, parent(4) = 1
distance(5) = 55.0037, parent(5) = 6
distance(6) = 31.9496, parent(6) = 1
distance(7) = 1.79769e+308, parent(7) = 7

