factorial(1) = 1
factorial(2) = 2
factorial(3) = 6
factorial(4) = 24
factorial(5) = 120
factorial(6) = 720
factorial(7) = 5040
factorial(8) = 40320
factorial(9) = 362880
factorial(10) = 3628800
Converted 7 fields:
i = 25
x = 5.432000
str1 = Thompson
j = 56
y = 789.000000
str2 = 56
warr[0] = U+df warr[1] = U+6c34
