St6vectorIiSaIiEE:  0.008708s wall, 0.000000s user + 0.000000s system = 0.000000s CPU (n/a%)
St4listIiSaIiEE:  1.062467s wall, 1.070000s user + 0.000000s system = 1.070000s CPU (100.7%)
St6vectorIiSaIiEE:  0.008555s wall, 0.010000s user + 0.000000s system = 0.010000s CPU (116.9%)
St4listIiSaIiEE:  1.106285s wall, 1.100000s user + 0.000000s system = 1.100000s CPU (99.4%)
